0 73 BCN_BARRIOS C_BARRIO
1 11     1.64518703e-07
1 4     1.35993003e-07
1 7     1.35809873e-07
1 10     9.94373771e-08
1 2     6.49663874e-08
2 5     1.50100256e-07
2 3     1.19520099e-07
2 7      1.3990515e-07
2 4     7.39482835e-08
2 1     6.49663874e-08
3 66     1.88774007e-07
3 2     1.19520099e-07
3 1     1.76988443e-07
3 4     1.01858112e-07
3 67     1.31234879e-07
4 67     1.23466068e-07
4 3     1.01858112e-07
4 66     1.22861344e-07
4 2     7.39482835e-08
4 5     9.72585255e-08
5 64     1.32007251e-07
5 6     8.51193987e-08
5 7     1.23252986e-07
5 66     7.91509977e-08
5 4     9.72585255e-08
6 35     1.23346757e-07
6 32     1.03511744e-07
6 33     9.61315529e-08
6 5     8.51193987e-08
6 64     7.94797223e-08
7 31     1.31168852e-07
7 6     1.28230395e-07
7 8     1.23735499e-07
7 32     1.15532264e-07
7 5     1.23252986e-07
8 26     1.31208932e-07
8 10      1.0461819e-07
8 31     1.25088202e-07
8 9     7.94242452e-08
8 7     1.23735499e-07
9 14     1.25149841e-07
9 10      1.0160788e-07
9 18     1.23801529e-07
9 8     7.94242452e-08
9 15     8.16753447e-08
10 15     1.38289831e-07
10 9      1.0160788e-07
10 11     1.18826316e-07
10 1     9.94373771e-08
10 8      1.0461819e-07
11 13     1.71696039e-07
11 15     1.53726313e-07
11 1     1.64518703e-07
11 14     1.25505408e-07
11 10     1.18826316e-07
12 15     3.27423588e-07
12 11     2.78911866e-07
12 16     2.74750882e-07
12 14     2.78213752e-07
12 13     1.89631603e-07
13 17     1.70854582e-07
13 15     1.43536946e-07
13 18     1.60478128e-07
13 14     9.91879835e-08
13 16     8.71442172e-08
14 9     1.25149841e-07
14 16      7.6264503e-08
14 18      1.0343873e-07
14 15     5.02122311e-08
14 13     9.91879835e-08
15 19     1.35388487e-07
15 16     8.98666481e-08
15 9     8.16753447e-08
15 14     5.02122311e-08
15 18     7.34578293e-08
16 17     9.28845837e-08
16 14      7.6264503e-08
16 15     8.98666481e-08
16 18     7.57565926e-08
16 13     8.71442172e-08
17 15     1.48236072e-07
17 16     9.28845837e-08
17 19     1.27093706e-07
17 18     8.13560613e-08
17 20       1.097184e-07
18 14      1.0343873e-07
18 16     7.57565926e-08
18 19     8.66093864e-08
18 15     7.34578293e-08
18 17     8.13560613e-08
19 9     1.32626151e-07
19 26     1.20728297e-07
19 17     1.27093706e-07
19 18     8.66093864e-08
19 24      1.0901031e-07
20 24     1.88251234e-07
20 18       1.730726e-07
20 21     1.09748936e-07
20 19     1.63281628e-07
20 17       1.097184e-07
21 19     2.22568867e-07
21 17     2.15649699e-07
21 24     1.86981133e-07
21 23     1.17621899e-07
21 20     1.09748936e-07
22 24     4.10485996e-07
22 21     3.16915999e-07
22 25     3.75233535e-07
22 23     2.83610261e-07
22 39     3.68250375e-07
23 19     2.18168521e-07
23 25     1.41139444e-07
23 20     1.93741311e-07
23 21     1.17621899e-07
23 24     1.29372903e-07
24 27     1.49390121e-07
24 26     1.18070979e-07
24 23     1.29372903e-07
24 19      1.0901031e-07
24 25     1.06379123e-07
25 39     1.41191859e-07
25 23     1.41139444e-07
25 27     1.25783912e-07
25 28     1.12799327e-07
25 24     1.06379123e-07
26 31     1.34344504e-07
26 19     1.20728297e-07
26 8     1.31208932e-07
26 27     8.55885156e-08
26 24     1.18070979e-07
27 31     1.21079062e-07
27 28     9.08834603e-08
27 29      1.0781643e-07
27 26     8.55885156e-08
27 30     1.06018892e-07
28 39     1.25402549e-07
28 25     1.12799327e-07
28 27     9.08834603e-08
28 29     6.39316818e-08
28 38     7.81679722e-08
29 42     1.07160213e-07
29 28     6.39316818e-08
29 37     8.00932303e-08
29 38     4.48076794e-08
29 30     7.90920775e-08
30 27     1.06018892e-07
30 37     8.52196141e-08
30 31     8.70475163e-08
30 29     7.90920775e-08
30 34     8.18593449e-08
31 33     1.25208641e-07
31 27     1.21079062e-07
31 8     1.25088202e-07
31 32     7.83344776e-08
31 30     8.70475163e-08
32 30     1.10321681e-07
32 31     7.83344776e-08
32 6     1.03511744e-07
32 33     5.50203534e-08
32 34     9.72072123e-08
33 36     1.18401536e-07
33 6     9.61315529e-08
33 35     8.23744862e-08
33 32     5.50203534e-08
33 34     6.68501057e-08
34 32     9.72072123e-08
34 36     7.50412378e-08
34 30     8.18593449e-08
34 33     6.68501057e-08
34 37     7.31505565e-08
35 64     1.00185952e-07
35 62     8.28865905e-08
35 36     9.13436949e-08
35 33     8.23744862e-08
35 44     8.82316313e-08
36 35     9.13436949e-08
36 37     8.71079631e-08
36 44     8.71489977e-08
36 34     7.50412378e-08
36 46     7.70350885e-08
37 38     8.52575641e-08
37 29     8.00932303e-08
37 30     8.52196141e-08
37 34     7.31505565e-08
37 42     6.91616758e-08
38 37     8.52575641e-08
38 28     7.81679722e-08
38 42     7.87164785e-08
38 29     4.48076794e-08
38 41     6.83995397e-08
39 41     1.69325867e-07
39 25     1.41191859e-07
39 38     1.48563828e-07
39 28     1.25402549e-07
39 40     1.11896581e-07
40 42     1.48863681e-07
40 39     1.11896581e-07
40 38     1.35261949e-07
40 41     1.04420981e-07
40 43     1.33616182e-07
41 40     1.04420981e-07
41 38     6.83995397e-08
41 37     1.03703439e-07
41 42     4.46431012e-08
41 43       9.128234e-08
42 29     1.07160213e-07
42 38     7.87164785e-08
42 43     9.99722929e-08
42 41     4.46431012e-08
42 37     6.91616758e-08
43 47     1.37823999e-07
43 42     9.99722929e-08
43 40     1.33616182e-07
43 41       9.128234e-08
43 49     1.13153846e-07
44 35     8.82316313e-08
44 36     8.71489977e-08
44 45     7.05108431e-08
44 62     7.04262986e-08
44 46     5.70757444e-08
45 62     9.45943057e-08
45 51      7.6066126e-08
45 46     9.12944669e-08
45 52     7.58090717e-08
45 44     7.05108431e-08
46 45     9.12944669e-08
46 48     5.87352503e-08
46 36     7.70350885e-08
46 47     3.19309063e-08
46 44     5.70757444e-08
47 49     9.57635246e-08
47 48     4.20359852e-08
47 36     9.31697921e-08
47 46     3.19309063e-08
47 44     8.86898759e-08
48 45     9.53436013e-08
48 49      7.4454945e-08
48 46     5.87352503e-08
48 51     6.95884402e-08
48 47     4.20359852e-08
49 43     1.13153846e-07
49 50     1.08393738e-07
49 51     1.11074467e-07
49 48      7.4454945e-08
49 47     9.57635246e-08
50 48     1.00371824e-07
50 52      7.7897818e-08
50 53     9.01605727e-08
50 51     4.84366363e-08
50 54     6.15613501e-08
51 47     1.08482215e-07
51 52     5.67752462e-08
51 45      7.6066126e-08
51 50     4.84366363e-08
51 48     6.95884402e-08
52 60     9.02520216e-08
52 53     7.63564451e-08
52 50      7.7897818e-08
52 51     5.67752462e-08
52 45     7.58090717e-08
53 51     1.09493546e-07
53 50     9.01605727e-08
53 54     1.04035523e-07
53 52     7.63564451e-08
53 57      7.2353016e-08
54 56     1.19063104e-07
54 53     1.04035523e-07
54 51     1.09921007e-07
54 55     5.83743788e-08
54 50     6.15613501e-08
55 51     1.67127987e-07
55 53     1.31283332e-07
55 56     8.51865186e-08
55 50     1.18755988e-07
55 54     5.83743788e-08
56 50     1.60343173e-07
56 53     1.16120827e-07
56 57     1.32385302e-07
56 55     8.51865186e-08
56 54     1.19063104e-07
57 60     1.34923901e-07
57 52     1.27322855e-07
57 56     1.32385302e-07
57 53      7.2353016e-08
57 58     7.60503386e-08
58 52      1.5527383e-07
58 53     1.33576794e-07
58 60     1.12047594e-07
58 57     7.60503386e-08
58 59     8.38951103e-08
59 61     1.61696541e-07
59 60     1.04341459e-07
59 57     1.55194088e-07
59 58     8.38951103e-08
59 73       1.178747e-07
60 61     1.23450977e-07
60 59     1.04341459e-07
60 58     1.12047594e-07
60 52     9.02520216e-08
60 45     1.04282767e-07
61 65      1.2139777e-07
61 62     8.50949219e-08
61 73     1.15125931e-07
61 63     6.10971211e-08
61 72     9.04083888e-08
62 45     9.45943057e-08
62 35     8.28865905e-08
62 61     8.50949219e-08
62 44     7.04262986e-08
62 63     7.49566475e-08
63 72     1.08515066e-07
63 64     6.24068174e-08
63 65      8.2421968e-08
63 61     6.10971211e-08
63 62     7.49566475e-08
64 62     1.14289173e-07
64 35     1.00185952e-07
64 65     7.05815395e-08
64 6     7.94797223e-08
64 63     6.24068174e-08
65 71     1.13589921e-07
65 66     1.00971798e-07
65 72     9.57558233e-08
65 63      8.2421968e-08
65 64     7.05815395e-08
66 4     1.22861344e-07
66 68      1.0950777e-07
66 65     1.00971798e-07
66 5     7.91509977e-08
66 67     9.12096627e-08
67 5     1.48316731e-07
67 3     1.31234879e-07
67 68     9.81553795e-08
67 4     1.23466068e-07
67 66     9.12096627e-08
68 65     1.41892549e-07
68 66      1.0950777e-07
68 71     1.00467176e-07
68 69     1.05889519e-07
68 67     9.81553795e-08
69 73     1.90236584e-07
69 68     1.05889519e-07
69 72     1.69804798e-07
69 70     8.03513795e-08
69 71     1.06411945e-07
70 68     1.76458464e-07
70 71     1.28602845e-07
70 72      1.7150647e-07
70 69     8.03513795e-08
70 73     1.56064496e-07
71 73     1.15754903e-07
71 69     1.06411945e-07
71 65     1.13589921e-07
71 68     1.00467176e-07
71 72     6.62919337e-08
72 63     1.08515066e-07
72 61     9.04083888e-08
72 65     9.57558233e-08
72 73     7.84034768e-08
72 71     6.62919337e-08
73 70     1.56064496e-07
73 61     1.15125931e-07
73 59       1.178747e-07
73 72     7.84034768e-08
73 71     1.15754903e-07
